X	Y	Theta
5000.00	3000.00	0.00
4999.70	3034.90	1.00
4998.78	3069.80	2.00
4997.26	3104.67	3.00
4995.13	3139.51	4.00
4992.39	3174.31	5.00
4989.04	3209.06	6.00
4985.09	3243.74	7.00
4980.54	3278.35	8.00
4975.38	3312.87	9.00
4969.62	3347.30	10.00
4963.25	3381.62	11.00
4956.30	3415.82	12.00
4948.74	3449.90	13.00
4940.59	3483.84	14.00
4931.85	3517.64	15.00
4922.52	3551.27	16.00
4912.61	3584.74	17.00
4902.11	3618.03	18.00
4891.04	3651.14	19.00
4879.39	3684.04	20.00
4867.16	3716.74	21.00
4854.37	3749.21	22.00
4841.01	3781.46	23.00
4827.09	3813.47	24.00
4812.62	3845.24	25.00
4797.59	3876.74	26.00
4782.01	3907.98	27.00
4765.90	3938.94	28.00
4749.24	3969.62	29.00
4732.05	4000.00	30.00
4714.33	4030.08	31.00
4696.10	4059.84	32.00
4677.34	4089.28	33.00
4658.08	4118.39	34.00
4638.30	4147.15	35.00
4618.03	4175.57	36.00
4597.27	4203.63	37.00
4576.02	4231.32	38.00
4554.29	4258.64	39.00
4532.09	4285.58	40.00
4509.42	4312.12	41.00
4486.29	4338.26	42.00
4462.71	4364.00	43.00
4438.68	4389.32	44.00
4414.21	4414.21	45.00
4389.32	4438.68	46.00
4364.00	4462.71	47.00
4338.26	4486.29	48.00
4312.12	4509.42	49.00
4285.58	4532.09	50.00
4258.64	4554.29	51.00
4231.32	4576.02	52.00
4203.63	4597.27	53.00
4175.57	4618.03	54.00
4147.15	4638.30	55.00
4118.39	4658.08	56.00
4089.28	4677.34	57.00
4059.84	4696.10	58.00
4030.08	4714.33	59.00
4000.00	4732.05	60.00
3969.62	4749.24	61.00
3938.94	4765.90	62.00
3907.98	4782.01	63.00
3876.74	4797.59	64.00
3845.24	4812.62	65.00
3813.47	4827.09	66.00
3781.46	4841.01	67.00
3749.21	4854.37	68.00
3716.74	4867.16	69.00
3684.04	4879.39	70.00
3651.14	4891.04	71.00
3618.03	4902.11	72.00
3584.74	4912.61	73.00
3551.27	4922.52	74.00
3517.64	4931.85	75.00
3483.84	4940.59	76.00
3449.90	4948.74	77.00
3415.82	4956.30	78.00
3381.62	4963.25	79.00
3347.30	4969.62	80.00
3312.87	4975.38	81.00
3278.35	4980.54	82.00
3243.74	4985.09	83.00
3209.06	4989.04	84.00
3174.31	4992.39	85.00
3139.51	4995.13	86.00
3104.67	4997.26	87.00
3069.80	4998.78	88.00
3034.90	4999.70	89.00
3000.00	5000.00	90.00
2965.10	4999.70	91.00
2930.20	4998.78	92.00
2895.33	4997.26	93.00
2860.49	4995.13	94.00
2825.69	4992.39	95.00
2790.94	4989.04	96.00
2756.26	4985.09	97.00
2721.65	4980.54	98.00
2687.13	4975.38	99.00
2652.70	4969.62	100.00
2618.38	4963.25	101.00
2584.18	4956.30	102.00
2550.10	4948.74	103.00
2516.16	4940.59	104.00
2482.36	4931.85	105.00
2448.73	4922.52	106.00
2415.26	4912.61	107.00
2381.97	4902.11	108.00
2348.86	4891.04	109.00
2315.96	4879.39	110.00
2283.26	4867.16	111.00
2250.79	4854.37	112.00
2218.54	4841.01	113.00
2186.53	4827.09	114.00
2154.76	4812.62	115.00
2123.26	4797.59	116.00
2092.02	4782.01	117.00
2061.06	4765.90	118.00
2030.38	4749.24	119.00
2000.00	4732.05	120.00
1969.92	4714.33	121.00
1940.16	4696.10	122.00
1910.72	4677.34	123.00
1881.61	4658.08	124.00
1852.85	4638.30	125.00
1824.43	4618.03	126.00
1796.37	4597.27	127.00
1768.68	4576.02	128.00
1741.36	4554.29	129.00
1714.42	4532.09	130.00
1687.88	4509.42	131.00
1661.74	4486.29	132.00
1636.00	4462.71	133.00
1610.68	4438.68	134.00
1585.79	4414.21	135.00
1561.32	4389.32	136.00
1537.29	4364.00	137.00
1513.71	4338.26	138.00
1490.58	4312.12	139.00
1467.91	4285.58	140.00
1445.71	4258.64	141.00
1423.98	4231.32	142.00
1402.73	4203.63	143.00
1381.97	4175.57	144.00
1361.70	4147.15	145.00
1341.92	4118.39	146.00
1322.66	4089.28	147.00
1303.90	4059.84	148.00
1285.67	4030.08	149.00
1267.95	4000.00	150.00
1250.76	3969.62	151.00
1234.10	3938.94	152.00
1217.99	3907.98	153.00
1202.41	3876.74	154.00
1187.38	3845.24	155.00
1172.91	3813.47	156.00
1158.99	3781.46	157.00
1145.63	3749.21	158.00
1132.84	3716.74	159.00
1120.61	3684.04	160.00
1108.96	3651.14	161.00
1097.89	3618.03	162.00
1087.39	3584.74	163.00
1077.48	3551.27	164.00
1068.15	3517.64	165.00
1059.41	3483.84	166.00
1051.26	3449.90	167.00
1043.70	3415.82	168.00
1036.75	3381.62	169.00
1030.38	3347.30	170.00
1024.62	3312.87	171.00
1019.46	3278.35	172.00
1014.91	3243.74	173.00
1010.96	3209.06	174.00
1007.61	3174.31	175.00
1004.87	3139.51	176.00
1002.74	3104.67	177.00
1001.22	3069.80	178.00
1000.30	3034.90	179.00
1000.00	3000.00	180.00
1000.30	2965.10	181.00
1001.22	2930.20	182.00
1002.74	2895.33	183.00
1004.87	2860.49	184.00
1007.61	2825.69	185.00
1010.96	2790.94	186.00
1014.91	2756.26	187.00
1019.46	2721.65	188.00
1024.62	2687.13	189.00
1030.38	2652.70	190.00
1036.75	2618.38	191.00
1043.70	2584.18	192.00
1051.26	2550.10	193.00
1059.41	2516.16	194.00
1068.15	2482.36	195.00
1077.48	2448.73	196.00
1087.39	2415.26	197.00
1097.89	2381.97	198.00
1108.96	2348.86	199.00
1120.61	2315.96	200.00
1132.84	2283.26	201.00
1145.63	2250.79	202.00
1158.99	2218.54	203.00
1172.91	2186.53	204.00
1187.38	2154.76	205.00
1202.41	2123.26	206.00
1217.99	2092.02	207.00
1234.10	2061.06	208.00
1250.76	2030.38	209.00
1267.95	2000.00	210.00
1285.67	1969.92	211.00
1303.90	1940.16	212.00
1322.66	1910.72	213.00
1341.92	1881.61	214.00
1361.70	1852.85	215.00
1381.97	1824.43	216.00
1402.73	1796.37	217.00
1423.98	1768.68	218.00
1445.71	1741.36	219.00
1467.91	1714.42	220.00
1490.58	1687.88	221.00
1513.71	1661.74	222.00
1537.29	1636.00	223.00
1561.32	1610.68	224.00
1585.79	1585.79	225.00
1610.68	1561.32	226.00
1636.00	1537.29	227.00
1661.74	1513.71	228.00
1687.88	1490.58	229.00
1714.42	1467.91	230.00
1741.36	1445.71	231.00
1768.68	1423.98	232.00
1796.37	1402.73	233.00
1824.43	1381.97	234.00
1852.85	1361.70	235.00
1881.61	1341.92	236.00
1910.72	1322.66	237.00
1940.16	1303.90	238.00
1969.92	1285.67	239.00
2000.00	1267.95	240.00
2030.38	1250.76	241.00
2061.06	1234.10	242.00
2092.02	1217.99	243.00
2123.26	1202.41	244.00
2154.76	1187.38	245.00
2186.53	1172.91	246.00
2218.54	1158.99	247.00
2250.79	1145.63	248.00
2283.26	1132.84	249.00
2315.96	1120.61	250.00
2348.86	1108.96	251.00
2381.97	1097.89	252.00
2415.26	1087.39	253.00
2448.73	1077.48	254.00
2482.36	1068.15	255.00
2516.16	1059.41	256.00
2550.10	1051.26	257.00
2584.18	1043.70	258.00
2618.38	1036.75	259.00
2652.70	1030.38	260.00
2687.13	1024.62	261.00
2721.65	1019.46	262.00
2756.26	1014.91	263.00
2790.94	1010.96	264.00
2825.69	1007.61	265.00
2860.49	1004.87	266.00
2895.33	1002.74	267.00
2930.20	1001.22	268.00
2965.10	1000.30	269.00
3000.00	1000.00	270.00
3034.90	1000.30	271.00
3069.80	1001.22	272.00
3104.67	1002.74	273.00
3139.51	1004.87	274.00
3174.31	1007.61	275.00
3209.06	1010.96	276.00
3243.74	1014.91	277.00
3278.35	1019.46	278.00
3312.87	1024.62	279.00
3347.30	1030.38	280.00
3381.62	1036.75	281.00
3415.82	1043.70	282.00
3449.90	1051.26	283.00
3483.84	1059.41	284.00
3517.64	1068.15	285.00
3551.27	1077.48	286.00
3584.74	1087.39	287.00
3618.03	1097.89	288.00
3651.14	1108.96	289.00
3684.04	1120.61	290.00
3716.74	1132.84	291.00
3749.21	1145.63	292.00
3781.46	1158.99	293.00
3813.47	1172.91	294.00
3845.24	1187.38	295.00
3876.74	1202.41	296.00
3907.98	1217.99	297.00
3938.94	1234.10	298.00
3969.62	1250.76	299.00
4000.00	1267.95	300.00
4030.08	1285.67	301.00
4059.84	1303.90	302.00
4089.28	1322.66	303.00
4118.39	1341.92	304.00
4147.15	1361.70	305.00
4175.57	1381.97	306.00
4203.63	1402.73	307.00
4231.32	1423.98	308.00
4258.64	1445.71	309.00
4285.58	1467.91	310.00
4312.12	1490.58	311.00
4338.26	1513.71	312.00
4364.00	1537.29	313.00
4389.32	1561.32	314.00
4414.21	1585.79	315.00
4438.68	1610.68	316.00
4462.71	1636.00	317.00
4486.29	1661.74	318.00
4509.42	1687.88	319.00
4532.09	1714.42	320.00
4554.29	1741.36	321.00
4576.02	1768.68	322.00
4597.27	1796.37	323.00
4618.03	1824.43	324.00
4638.30	1852.85	325.00
4658.08	1881.61	326.00
4677.34	1910.72	327.00
4696.10	1940.16	328.00
4714.33	1969.92	329.00
4732.05	2000.00	330.00
4749.24	2030.38	331.00
4765.90	2061.06	332.00
4782.01	2092.02	333.00
4797.59	2123.26	334.00
4812.62	2154.76	335.00
4827.09	2186.53	336.00
4841.01	2218.54	337.00
4854.37	2250.79	338.00
4867.16	2283.26	339.00
4879.39	2315.96	340.00
4891.04	2348.86	341.00
4902.11	2381.97	342.00
4912.61	2415.26	343.00
4922.52	2448.73	344.00
4931.85	2482.36	345.00
4940.59	2516.16	346.00
4948.74	2550.10	347.00
4956.30	2584.18	348.00
4963.25	2618.38	349.00
4969.62	2652.70	350.00
4975.38	2687.13	351.00
4980.54	2721.65	352.00
4985.09	2756.26	353.00
4989.04	2790.94	354.00
4992.39	2825.69	355.00
4995.13	2860.49	356.00
4997.26	2895.33	357.00
4998.78	2930.20	358.00
4999.70	2965.10	359.00
